0.152672
0.146633
0.144046
0.142788
0.145635
0.144035
0.146411
0.14269
0.144935
0.144035
0.142074
0.144057
0.144035
0.144024
0.144035
0.144046
0.144024
0.146035
0.146966
0.143967
0.144035
0.147096
0.143208
0.142767
0.140339
0.143409
0.143664
0.144035
0.140209
0.144002
0.143401
0.144543
0.144057
0.145352
0.144013
0.144024
0.142679
0.144024
0.144057
0.144927
0.144057
0.144035
0.144024
0.143386
0.144035
0.144046
0.14342
0.140376
0.144024
0.141819
0.144024
0.146249
0.144024
0.142811
0.145209
0.144869
0.144035
0.146047
0.144024
0.144057
0.142777
0.145326
0.145272
0.142577
0.143398
0.147316
0.142174
0.142161
0.144898
0.144988
0.144024
0.144035
0.143333
0.144046
0.144046
0.140364
0.145246
0.144035
0.143385
0.14598
0.142777
0.143219
0.149837
0.146262
0.143418
0.144341
0.142778
0.14392
0.144035
0.144035
0.147956
0.144301
0.146198
0.144664
0.14773
0.144408
0.142938
0.144035
0.144068
0.143419
0.144035
0.148112
0.144046
0.147628
0.144035
0.14687
0.142401
0.144046
0.144046
0.144024
0.14552
0.145518
0.143409
0.144046
0.143469
0.147448
0.149924
0.144046
0.143421
0.144035
0.144567
0.140271
0.144696
0.14339
0.148112
0.143594
0.144035
0.144035
0.14342
0.147794
0.143208
0.144046
0.145435
0.143368
0.143421
0.144035
0.145264
0.144035
0.143208
0.143674
0.144917
0.144035
0.144035
0.14764
0.140948
0.147156
0.145763
0.151022
0.144046
0.144035
0.144024
0.144057
0.141884
0.144013
0.144057
0.143219
0.144035
0.146005
0.145
0.144346
0.144035
0.147316
0.144708
0.139446
0.145926
0.141657
0.144024
0.146841
0.143397
0.144035
0.145435
0.142777
0.144046
0.145261
0.143401
0.141567
0.144734
0.144024
0.144046
0.145692
0.144024
0.144577
0.144035
0.145419
0.144035
0.144024
0.144046
0.144212
0.143894
0.150589
0.144623
0.144024
0.143971
0.145443
0.144732
0.144035
0.146172
0.147108
0.146182
0.143398
0.144046
0.144052
0.14444
0.143956
0.143408
0.144046
0.14744
0.144035
0.146898
0.146389
0.144002
0.144013
0.146102
0.14509
0.144046
0.144024
0.144676
0.144035
0.145302
0.145435
0.142165
0.144046
0.143409
0.142583
0.148077
0.143751
0.144024
0.149091
0.144035
0.143421
0.14341
0.14342
0.146124
0.144046
0.14989
0.144057
0.144068
0.144057
0.148196
0.141568
0.146148
0.144568
0.145717
0.143233
0.145365
0.144024
0.144429
0.143071
0.144046
0.142172
0.14279
0.144035
0.143409
0.144057
0.145186
0.144024
0.144035
0.140261
0.144088
0.144068
0.144057
0.144392
0.14429
0.14341
0.143931
0.15037
0.144035
0.144653
0.144002
0.144024
0.147234
0.14277
0.144024
0.144013
0.147917
0.144046
0.144035
0.143996
0.144046
0.142799
0.14399
0.144013
0.147719
0.143927
0.145264
0.144945
0.1428
0.144024
0.144024
0.144035
0.144857
0.145458
0.153377
0.145542
0.144046
0.145755
0.144046
0.144545
0.144035
0.145185
0.145261
0.145667
0.145905
0.145446
0.144685
0.146728
0.144035
0.144035
0.144663
0.144035
0.145282
0.144928
0.144024
0.14499
0.142266
0.143208
0.146079
0.145712
0.144461
0.144046
0.144298
0.143401
0.141833
0.143431
0.144312
0.144091
0.143999
0.144068
0.151837
0.144035
0.145712
0.144046
0.143407
0.144035
0.144555
0.144035
0.144046
0.14037
0.143388
0.144057
0.14277
0.142165
0.144002
0.148412
0.144845
0.141573
0.144025
0.143967
0.143981
0.145576
0.146266
0.152427
0.144046
0.14279
0.144403
0.145748
0.145293
0.144544
0.144868
0.14341
0.144035
0.144035
0.144419
0.144035
0.147047
0.1437
0.14454
0.146898
0.137178
0.149121
0.14292
0.144192
0.145057
0.144024
0.144046
0.143176
0.14209
0.145264
0.144046
0.143096
0.144443
0.14573
0.149609
0.143802
0.142654
0.148112
0.144024
0.145953
0.147646
0.148112
0.144035
0.144013
0.144035
0.144035
0.142779
0.144932
0.143566
0.14499
0.150579
0.144035
0.144024
0.14339
0.14472
0.144301
0.142789
0.143219
0.143958
0.14342
0.145435
0.144024
0.148624
0.143965
0.145341
0.144068
0.14598
0.14598
0.145365
0.146003
0.144035
0.144024
0.149757
0.145773
0.144024
0.144057
0.143398
0.144057
0.144035
0.144057
0.143219
0.145784
0.149246
0.144081
0.145181
0.147685
0.144035
0.144024
0.143408
0.146182
0.144939
0.144029
0.145495
0.144286
0.143589
0.144035
0.145712
0.144024
0.14398
0.144035
0.14341
0.142788
0.145253
0.143999
0.144046
0.143368
0.142767
0.144035
0.144035
0.151032
0.151855
0.146243
0.144046
0.143396
0.145148
0.143407
0.150559
0.14429
0.143738
0.144057
0.145607
0.145863
0.145843
0.142172
0.144057
0.146106
0.148184
0.148985
0.142757
0.144035
0.142171
0.143209
0.144068
0.144035
0.142471
0.149635
0.146435
0.144707
0.144024
0.145412
0.143581
0.140876
0.142491
0.145272
0.144281
0.144953
0.145475
0.143954
0.144046
0.142529
0.144035
0.143408
0.150797
0.145122
0.150385
0.14398
0.142767
0.149376
0.151581
0.144982
0.142891
0.146389
0.144685
0.144013
0.148111
0.144645
0.148395
0.149241
0.150385
0.148408
0.147527
0.141786
0.144035
0.143381
0.144024
0.140376
0.144024
0.145893
0.144057
0.143409
0.144024
0.144046
0.145149
0.144035
0.144046
0.143875
0.144246
0.147084
0.144516
0.142777
0.149376
0.145838
0.152403
0.145515
0.14255
0.144359
0.142778
0.144035
0.146729
0.144635
0.143016
0.144759
0.143386
0.144119
0.144013
0.145194
0.143388
0.145675
0.145651
0.152529
0.142373
0.144546
0.1434
0.146111
0.14693
0.144674
0.145253
0.144603
0.145493
0.144013
0.144035
0.145678
0.146474
0.151032
0.143906
0.144035
0.14339
0.143388
0.1464
0.144013
0.144674
0.144046
0.144953
0.144024
0.144035
0.143781
0.14562
0.143988
0.14562
0.143524
0.144823
0.144035
0.149112
0.148863
0.146262
0.144645
0.146805
0.145443
0.145443
0.146251
0.144057
0.143352
0.144507
0.145032
0.146283
0.146262
0.143181
0.143401
0.144394
0.144046
0.144024
0.144024
0.146103
0.14339
0.144974
0.144024
0.144024
0.145699
0.148354
0.142478
0.143773
0.144381
0.143366
0.144964
0.143524
0.146688
0.142163
0.146866
0.144035
0.141548
0.144024
0.144046
0.139177
0.141087
0.1428
0.144013
0.144035
0.139133
0.144035
0.144024
0.144046
0.142775
0.144046
0.144035
0.144046
0.144046
0.144013
0.144035
0.144035
0.143388
0.142942
0.141979
0.141955
0.143409
0.14278
0.142746
0.144024
0.144035
0.144035
0.14341
0.144046
0.144794
0.14945
0.147295
0.1412
0.143908
0.147489
0.144046
0.141575
0.144046
0.144674
0.144513
0.144046
0.144057
0.143796
0.143241
0.144024
0.149854
0.144046
0.144147
0.145654
0.144057
0.143409
0.143197
0.144024
0.146133
0.147551
0.144035
0.144057
0.143371
0.144046
0.144253
0.145557
0.147662
0.144024
0.143759
0.146208
0.145717
0.144035
0.143409
0.144002
0.143886
0.142587
0.146444
0.145316
0.147539
0.144014
0.146596
0.144046
0.144035
0.144342
0.145057
0.144013
0.142163
0.143876
0.14449
0.144057
0.142535
0.144024
0.144046
0.143419
0.141551
0.143432
0.143432
0.144533
0.144024
0.144046
0.144057
0.141565
0.144035
0.145665
0.144057
0.144024
0.140387
0.144068
0.144024
0.144312
0.143388
0.141565
0.144588
0.143736
0.144057
0.143385
0.1452
0.143816
0.145275
0.145664
0.142777
0.14342
0.144046
0.144046
0.144209
0.148819
0.144024
0.144235
0.147186
0.145557
0.144035
0.1532
0.145844
0.146086
0.143765
0.144402
0.148182
0.144005
0.144046
0.144429
0.143641
0.144652
0.144046
0.143686
0.143969
0.145412
0.145501
0.149692
0.144035
0.144046
0.144035
0.144283
0.144046
0.144024
0.145734
0.142416
0.144556
0.144046
0.145255
0.143409
0.144046
0.143431
0.143416
0.150657
0.142767
0.144231
0.144035
0.145435
0.144035
0.143421
0.144035
0.143928
0.144057
0.144046
0.14343
0.143397
0.144046
0.144035
0.144393
0.143409
0.145797
0.144342
0.144035
0.14341
0.144003
0.14524
0.144666
0.1434
0.142787
0.143415
0.144057
0.144502
0.144046
0.142801
0.143399
0.145242
0.144035
0.144035
0.145013
0.144267
0.145432
0.140949
0.144696
0.144386
0.143917
0.144046
0.147747
0.142162
0.144035
0.144046
0.144035
0.146596
0.144035
0.144046
0.143409
0.14835
0.145978
0.144046
0.144024
0.145078
0.143158
0.143239
0.144046
0.14342
0.143774
0.144002
0.146585
0.144266
0.145421
0.14337
0.144035
0.144708
0.144024
0.144893
0.141555
0.145446
0.14376
0.148751
0.14753
0.1434
0.143409
0.144063
0.145458
0.147553
0.144024
0.150657
0.144999
0.145446
0.144746
0.1464
0.142778
0.143748
0.144035
0.145147
0.144035
0.144024
0.146706
0.143917
0.14342
0.145734
0.14219
0.14543
0.144035
0.146309
0.145333
0.141575
0.145365
0.144035
0.143409
0.143928
0.143519
0.144013
0.145652
0.145845
0.144013
0.144057
0.144024
0.146182
0.143845
0.145275
0.143623
0.145711
0.144035
0.144046
0.144046
0.144566
0.142778
0.142174
0.143411
0.146317
0.144441
0.143771
0.143675
0.145264
0.143386
0.144414
0.145176
0.142542
0.14369
0.144468
0.143114
0.143419
0.144059
0.144035
0.143653
0.144024
0.144697
0.143419
0.152797
0.144035
0.143409
0.144046
0.144035
0.14446
0.142523
0.145515
0.142151
0.15264
0.144024
0.144024
0.141575
0.144035
0.144035
0.14446
0.144035
0.145391
0.144035
0.142159
0.143401
0.147613
0.145252
0.146172
0.144035
0.144046
0.144024
0.144504
0.145455
0.144035
0.143409
0.144696
0.150644
0.144035
0.144576
0.145399
0.144863
0.14341
0.144035
0.144035
0.143409
0.144035
0.143419
0.144035
0.144046
0.144057
0.1428
0.144964
0.144277
0.14355
0.143958
0.144332
0.144035
0.146162
0.144024
0.143208
0.143192
0.14508
0.144842
0.145441
0.144035
0.144057
0.143409
0.144046
0.143367
0.144974
0.142776
