0.238392
0.234843
0.239576
0.243037
0.239113
0.239574
0.239196
0.236688
0.245606
0.239574
0.238398
0.239578
0.239574
0.239573
0.239574
0.239576
0.239573
0.233389
0.236311
0.237318
0.239574
0.235642
0.241889
0.241654
0.253942
0.241245
0.239428
0.239574
0.235552
0.237496
0.240607
0.237504
0.239578
0.23647
0.239571
0.239573
0.245913
0.239573
0.239578
0.241953
0.239578
0.239574
0.239573
0.240916
0.239574
0.239576
0.242086
0.241404
0.239573
0.238304
0.239573
0.238393
0.239573
0.237505
0.235669
0.239933
0.239574
0.23339
0.239573
0.239578
0.241369
0.240277
0.238532
0.240395
0.241276
0.232032
0.244648
0.241489
0.2387
0.23853
0.239573
0.239574
0.241483
0.239576
0.239576
0.245891
0.235465
0.239574
0.242509
0.2375
0.240677
0.241891
0.238087
0.239242
0.238532
0.237611
0.243847
0.242368
0.239574
0.239574
0.239753
0.238525
0.238532
0.233028
0.235462
0.238945
0.237498
0.239574
0.23958
0.239444
0.239574
0.236829
0.239576
0.235472
0.239574
0.238373
0.231915
0.239576
0.239576
0.239573
0.23865
0.236118
0.238532
0.239576
0.242098
0.234467
0.225605
0.239576
0.242532
0.239574
0.238537
0.239014
0.238805
0.240604
0.236829
0.240419
0.239574
0.239574
0.238534
0.237335
0.241889
0.239576
0.2341
0.241116
0.241519
0.239574
0.239148
0.239574
0.241889
0.240961
0.239017
0.239574
0.239574
0.230564
0.236942
0.236381
0.235789
0.234453
0.239576
0.239574
0.239573
0.239578
0.23829
0.239571
0.239578
0.241891
0.239574
0.23743
0.237471
0.238535
0.239574
0.235463
0.238536
0.241002
0.236741
0.242111
0.239573
0.242161
0.238996
0.239574
0.2341
0.242528
0.239576
0.231288
0.241488
0.248
0.238578
0.239573
0.239576
0.237763
0.239573
0.23466
0.239574
0.237674
0.239574
0.239573
0.239576
0.237172
0.237498
0.235465
0.23351
0.239573
0.237733
0.239406
0.238616
0.239574
0.23769
0.236477
0.237692
0.241015
0.239576
0.237497
0.238535
0.237316
0.242509
0.239576
0.23487
0.239574
0.236634
0.2359
0.239569
0.239571
0.233134
0.236667
0.239576
0.239573
0.238842
0.239574
0.235091
0.2341
0.242672
0.239576
0.241245
0.241289
0.232178
0.236478
0.239573
0.236592
0.239574
0.238536
0.242204
0.241018
0.236509
0.239576
0.236488
0.239578
0.23958
0.239578
0.238955
0.250514
0.23651
0.238533
0.238685
0.242164
0.238528
0.239573
0.238533
0.237496
0.239576
0.244211
0.237503
0.239574
0.238854
0.239578
0.237507
0.239573
0.239574
0.239012
0.235667
0.23958
0.239578
0.242613
0.238524
0.240362
0.238531
0.233986
0.239574
0.239198
0.239569
0.239573
0.236417
0.244335
0.239573
0.239571
0.237619
0.239576
0.239574
0.238094
0.239576
0.24253
0.238524
0.239571
0.233055
0.237497
0.235459
0.237765
0.237503
0.239573
0.239573
0.239574
0.238535
0.234103
0.230217
0.236666
0.239576
0.237952
0.239576
0.238535
0.239574
0.243083
0.23853
0.233132
0.237607
0.234102
0.238803
0.237501
0.239574
0.239574
0.238801
0.239574
0.239509
0.236478
0.239573
0.237501
0.232337
0.241889
0.236478
0.235877
0.237955
0.239576
0.236623
0.241513
0.235994
0.240668
0.238526
0.239966
0.237325
0.23958
0.231173
0.239574
0.235877
0.239576
0.236175
0.239574
0.239199
0.239574
0.239576
0.255865
0.241274
0.239578
0.239321
0.246965
0.239569
0.237935
0.238534
0.239954
0.237501
0.237318
0.241579
0.239755
0.237654
0.22955
0.239576
0.244727
0.242615
0.236639
0.239511
0.238532
0.23944
0.238535
0.239574
0.239574
0.238946
0.239574
0.235644
0.237086
0.238532
0.23763
0.241018
0.238333
0.240873
0.235897
0.236625
0.239573
0.239576
0.241883
0.240646
0.235459
0.239576
0.2397
0.239833
0.238955
0.239985
0.241459
0.239943
0.236829
0.239573
0.235653
0.23538
0.236829
0.239574
0.239571
0.239574
0.239574
0.237502
0.237769
0.243574
0.237501
0.235464
0.239574
0.239573
0.240604
0.23853
0.238525
0.241657
0.241891
0.238532
0.240575
0.2341
0.239573
0.228879
0.238532
0.233132
0.23958
0.2375
0.2375
0.237729
0.2385
0.239574
0.239573
0.231489
0.234454
0.239573
0.239578
0.242132
0.239578
0.239574
0.239578
0.242031
0.238532
0.23558
0.239412
0.24241
0.233455
0.239574
0.239573
0.239941
0.237692
0.242356
0.241226
0.237501
0.238532
0.240199
0.239574
0.235877
0.239573
0.239566
0.239574
0.241358
0.242529
0.235457
0.237325
0.239576
0.241116
0.241884
0.239574
0.239574
0.234454
0.233681
0.228187
0.239576
0.239441
0.238535
0.239719
0.237476
0.238524
0.244111
0.239578
0.23466
0.239811
0.238533
0.241483
0.239578
0.237924
0.238952
0.235202
0.242221
0.239574
0.236474
0.242028
0.23958
0.239574
0.239013
0.234221
0.23777
0.238767
0.239573
0.234097
0.239817
0.237353
0.243808
0.238532
0.236478
0.234366
0.237501
0.241913
0.239576
0.239328
0.239574
0.239941
0.237792
0.240073
0.231963
0.239566
0.241654
0.233623
0.232741
0.237499
0.237502
0.235459
0.241483
0.239571
0.229656
0.237385
0.232493
0.228801
0.231963
0.232492
0.235468
0.238378
0.239574
0.240693
0.239573
0.241404
0.239573
0.238749
0.239578
0.241916
0.239573
0.239576
0.239535
0.239574
0.239576
0.241614
0.238532
0.236476
0.23773
0.242528
0.233623
0.235462
0.232165
0.237495
0.238775
0.238529
0.2375
0.239574
0.23747
0.238488
0.237371
0.238537
0.238994
0.237967
0.239571
0.242045
0.24206
0.237652
0.237683
0.232841
0.243131
0.237207
0.241123
0.237692
0.234655
0.238802
0.235457
0.23723
0.23446
0.239571
0.239574
0.234041
0.232902
0.234454
0.239782
0.239574
0.24252
0.240015
0.235461
0.239571
0.238802
0.239576
0.234366
0.239573
0.239574
0.238532
0.239784
0.237322
0.239784
0.237495
0.238531
0.239574
0.238331
0.236599
0.239242
0.238489
0.238181
0.238533
0.238533
0.239239
0.239578
0.236479
0.238535
0.238537
0.239246
0.239242
0.242361
0.241513
0.24239
0.239576
0.239573
0.239573
0.237208
0.241509
0.234371
0.239573
0.239573
0.242052
0.239976
0.242194
0.241572
0.242611
0.238527
0.234368
0.239422
0.236477
0.236477
0.232335
0.239574
0.23547
0.239573
0.239576
0.231493
0.24608
0.243892
0.239571
0.239574
0.257741
0.239574
0.239573
0.239576
0.239841
0.239576
0.239574
0.239576
0.239576
0.239571
0.239574
0.239574
0.241276
0.240873
0.241618
0.236643
0.241278
0.24499
0.24165
0.239573
0.239574
0.239574
0.240816
0.239576
0.236475
0.238202
0.232614
0.247509
0.241616
0.23648
0.239576
0.249477
0.239576
0.238802
0.238532
0.239576
0.239578
0.240444
0.239973
0.239573
0.233644
0.239576
0.239681
0.233145
0.239578
0.238532
0.241887
0.239573
0.23648
0.235468
0.239574
0.239578
0.23777
0.239576
0.236105
0.238535
0.233451
0.239573
0.238528
0.238534
0.238685
0.239574
0.240708
0.239569
0.237962
0.244248
0.238532
0.240274
0.235468
0.2375
0.236816
0.239576
0.239574
0.239049
0.236625
0.239571
0.244645
0.236477
0.238535
0.239578
0.245894
0.239573
0.239576
0.240004
0.244945
0.242536
0.241497
0.238534
0.239573
0.239576
0.239578
0.249472
0.239574
0.233146
0.239578
0.239573
0.241405
0.23958
0.239573
0.238526
0.24213
0.249472
0.238535
0.240199
0.239578
0.242509
0.236479
0.237078
0.235462
0.237651
0.241592
0.241018
0.239576
0.239576
0.236478
0.234627
0.239573
0.242467
0.234455
0.238535
0.239574
0.229515
0.238531
0.235885
0.240957
0.238535
0.233465
0.239353
0.239576
0.238533
0.243965
0.238799
0.239576
0.24146
0.238533
0.238535
0.237495
0.241556
0.239574
0.239576
0.239574
0.237498
0.239576
0.239573
0.242061
0.240696
0.238536
0.239576
0.239246
0.242064
0.239576
0.238536
0.242118
0.245839
0.243765
0.237499
0.239574
0.2341
0.239574
0.241376
0.239574
0.239148
0.239578
0.239576
0.242509
0.238996
0.239576
0.239574
0.23873
0.238532
0.238296
0.235476
0.239574
0.240362
0.237499
0.238532
0.236519
0.242201
0.240608
0.239109
0.239578
0.23853
0.239576
0.244526
0.238533
0.235455
0.239574
0.239574
0.237498
0.238533
0.238532
0.25231
0.241322
0.239048
0.239146
0.239576
0.236478
0.242022
0.239574
0.239576
0.239574
0.236816
0.239574
0.239576
0.242158
0.230537
0.23981
0.239576
0.239573
0.237657
0.238902
0.238377
0.239576
0.239078
0.241705
0.239569
0.236812
0.239409
0.23853
0.237958
0.239574
0.236688
0.239573
0.234609
0.246442
0.234102
0.237496
0.237851
0.235651
0.238534
0.242134
0.237385
0.234103
0.240271
0.239573
0.245839
0.238532
0.234102
0.237126
0.235461
0.243847
0.239981
0.239574
0.233917
0.239574
0.239573
0.236478
0.239146
0.239078
0.242061
0.242932
0.235525
0.239574
0.235647
0.237501
0.249477
0.238528
0.239574
0.238532
0.239148
0.239023
0.239571
0.237651
0.232857
0.239571
0.239578
0.239573
0.237692
0.236465
0.238536
0.240081
0.242055
0.239574
0.239576
0.239576
0.23466
0.238513
0.244255
0.241491
0.235095
0.238721
0.237499
0.23943
0.235459
0.238528
0.242617
0.235667
0.24151
0.24212
0.238532
0.23853
0.239444
0.242133
0.239574
0.239426
0.239573
0.238535
0.239444
0.235577
0.239574
0.241278
0.239576
0.239574
0.236479
0.239564
0.237495
0.24209
0.233422
0.239573
0.239573
0.249477
0.239574
0.239574
0.238535
0.239574
0.237922
0.239574
0.24489
0.241488
0.238988
0.238533
0.23769
0.239574
0.239576
0.239573
0.240447
0.238535
0.239574
0.241016
0.238805
0.245834
0.239574
0.238567
0.241225
0.238149
0.240362
0.239574
0.239574
0.241278
0.239574
0.242509
0.239574
0.239576
0.239578
0.241393
0.234368
0.239411
0.232894
0.237729
0.234799
0.239574
0.237688
0.239573
0.241889
0.241483
0.236626
0.238144
0.23593
0.239574
0.239578
0.241245
0.239576
0.236963
0.234371
0.242534
