0.222864
0.225867
0.221973
0.220061
0.223791
0.221983
0.221608
0.222411
0.216509
0.221983
0.217867
0.221964
0.221983
0.221993
0.221983
0.221973
0.221993
0.222256
0.225544
0.222319
0.221983
0.220403
0.220063
0.221046
0.216339
0.221017
0.221572
0.221983
0.223504
0.223621
0.221031
0.222023
0.221964
0.223232
0.222002
0.221993
0.219762
0.221993
0.221964
0.221594
0.221964
0.221983
0.221993
0.221036
0.221983
0.221973
0.221009
0.217245
0.221993
0.224449
0.221993
0.223163
0.221993
0.223629
0.224108
0.22007
0.221983
0.222246
0.221993
0.221964
0.22007
0.222612
0.222583
0.220896
0.221028
0.224941
0.219114
0.219121
0.221114
0.222667
0.221993
0.221983
0.220764
0.221973
0.221973
0.22008
0.22439
0.221983
0.221034
0.221648
0.221551
0.220053
0.222015
0.223286
0.222874
0.223749
0.220072
0.221018
0.221983
0.221983
0.221691
0.220053
0.222244
0.220228
0.223958
0.221052
0.224091
0.221983
0.221954
0.222492
0.221983
0.223584
0.221973
0.221884
0.221983
0.221926
0.223313
0.221973
0.221973
0.221993
0.220006
0.222305
0.223193
0.221973
0.221925
0.222323
0.224184
0.221973
0.221011
0.221983
0.221845
0.217463
0.221905
0.221042
0.223584
0.219779
0.221983
0.221983
0.223183
0.226652
0.220063
0.221973
0.222312
0.22119
0.221011
0.221983
0.222891
0.221983
0.220063
0.221769
0.22102
0.221983
0.221983
0.221536
0.222478
0.222589
0.225575
0.220484
0.221973
0.221983
0.221993
0.221964
0.216841
0.222002
0.221964
0.220053
0.221983
0.2182
0.225506
0.223681
0.221983
0.224086
0.222001
0.219418
0.222142
0.220823
0.221993
0.221692
0.221026
0.221983
0.222312
0.221063
0.221973
0.220912
0.221031
0.218412
0.222723
0.221993
0.221973
0.222477
0.221993
0.223159
0.221983
0.221307
0.221983
0.221993
0.221973
0.220446
0.22235
0.220329
0.225192
0.221993
0.223521
0.222732
0.218954
0.221983
0.223256
0.221943
0.223246
0.221028
0.221973
0.222489
0.223316
0.222328
0.221016
0.221973
0.225112
0.221983
0.224597
0.229019
0.222012
0.222002
0.222477
0.226685
0.221973
0.221993
0.220769
0.221983
0.226167
0.222312
0.220088
0.221973
0.221017
0.220889
0.221965
0.22431
0.221993
0.224295
0.221983
0.221009
0.22102
0.221009
0.222765
0.221973
0.219451
0.221964
0.221954
0.221964
0.221484
0.21818
0.222746
0.222384
0.223778
0.221478
0.223014
0.221993
0.223325
0.222819
0.221973
0.219111
0.223648
0.221983
0.221259
0.221964
0.224752
0.221993
0.221983
0.217473
0.227529
0.221954
0.221964
0.219201
0.220063
0.22102
0.222933
0.219557
0.221983
0.220952
0.222012
0.221993
0.218785
0.220086
0.221993
0.222002
0.223684
0.221973
0.221983
0.222619
0.221973
0.221044
0.222252
0.222002
0.226702
0.222982
0.223248
0.219994
0.224382
0.221993
0.221993
0.221983
0.221684
0.222291
0.220362
0.225863
0.221973
0.222432
0.221973
0.221865
0.221983
0.218279
0.222592
0.222451
0.222606
0.222301
0.221914
0.222421
0.221983
0.221983
0.221934
0.221983
0.222833
0.22706
0.221993
0.221439
0.224104
0.220063
0.22368
0.227656
0.226677
0.221973
0.222514
0.221031
0.220918
0.220998
0.220043
0.22241
0.22229
0.221954
0.221316
0.221983
0.227656
0.221973
0.22042
0.221983
0.222272
0.221983
0.221973
0.216309
0.221038
0.221964
0.222283
0.219127
0.222012
0.22164
0.221693
0.219396
0.225251
0.222319
0.22131
0.222535
0.222318
0.226633
0.221973
0.220063
0.219191
0.222847
0.222823
0.222095
0.221855
0.221019
0.221983
0.221983
0.221042
0.221983
0.22346
0.225125
0.221922
0.219975
0.212357
0.224301
0.222809
0.229014
0.224366
0.221993
0.221973
0.220094
0.22627
0.223248
0.221973
0.220124
0.221402
0.220762
0.221809
0.222356
0.218891
0.223584
0.221993
0.224497
0.222518
0.223584
0.221983
0.222002
0.221983
0.221983
0.223658
0.222061
0.222691
0.221439
0.220339
0.221983
0.221993
0.221042
0.222179
0.220053
0.221027
0.220053
0.222448
0.223049
0.222312
0.221993
0.226823
0.223976
0.223203
0.221954
0.221648
0.221648
0.22202
0.223354
0.221983
0.221993
0.225808
0.226728
0.221993
0.221964
0.221028
0.221964
0.221983
0.221964
0.220054
0.22286
0.225268
0.223301
0.220137
0.224402
0.221983
0.221993
0.222053
0.223246
0.221588
0.22
0.222262
0.22213
0.223404
0.221983
0.227656
0.221993
0.222032
0.221983
0.222117
0.221054
0.223258
0.22229
0.221973
0.22119
0.220082
0.221983
0.221983
0.220475
0.219846
0.221975
0.221973
0.222512
0.223006
0.222998
0.217723
0.220063
0.222463
0.221964
0.224886
0.220534
0.221743
0.222755
0.221964
0.222391
0.221494
0.226358
0.221353
0.221983
0.21911
0.220064
0.221954
0.221983
0.222078
0.227679
0.222778
0.222065
0.221993
0.222334
0.221026
0.218374
0.21914
0.222583
0.222687
0.220522
0.223292
0.221348
0.221973
0.220051
0.221983
0.222053
0.217516
0.222056
0.223355
0.222032
0.221046
0.22182
0.221474
0.221275
0.22272
0.225067
0.219996
0.222002
0.219982
0.222297
0.22131
0.221571
0.223355
0.2213
0.222863
0.218472
0.221983
0.221054
0.221993
0.217245
0.221993
0.222781
0.221964
0.221017
0.221993
0.221973
0.221554
0.221983
0.221973
0.221818
0.22245
0.223769
0.222743
0.221063
0.22182
0.222376
0.224662
0.220667
0.225539
0.222178
0.224403
0.221983
0.225708
0.22545
0.219671
0.223179
0.221036
0.22222
0.222002
0.220644
0.221038
0.221005
0.220025
0.21757
0.219996
0.223316
0.221159
0.224036
0.224235
0.221924
0.223258
0.22257
0.221361
0.222002
0.221983
0.230444
0.229783
0.220475
0.221142
0.221983
0.221042
0.222523
0.225058
0.222002
0.221924
0.221973
0.220522
0.221993
0.221983
0.223134
0.220782
0.222299
0.220782
0.224347
0.221713
0.221983
0.22431
0.224333
0.223286
0.225442
0.226665
0.221943
0.221943
0.223295
0.221964
0.2241
0.223368
0.222629
0.223266
0.223286
0.218692
0.221031
0.219142
0.221973
0.221993
0.221993
0.223748
0.221042
0.2205
0.221993
0.221993
0.220438
0.220886
0.217491
0.218673
0.219211
0.222505
0.220511
0.223653
0.222016
0.219124
0.219589
0.221983
0.225413
0.221993
0.221973
0.238956
0.219951
0.220053
0.222002
0.221983
0.218867
0.221983
0.221993
0.221973
0.222234
0.221973
0.221983
0.221973
0.221973
0.222002
0.221983
0.221983
0.221038
0.222794
0.218175
0.228303
0.221018
0.220075
0.221066
0.221993
0.221983
0.221983
0.22102
0.221973
0.222541
0.222602
0.226661
0.218778
0.22179
0.223746
0.221973
0.218166
0.221973
0.221924
0.222588
0.221973
0.221964
0.220433
0.221536
0.221993
0.225777
0.221973
0.222985
0.220496
0.221964
0.221017
0.220073
0.221993
0.222298
0.222844
0.221983
0.221964
0.222812
0.221973
0.220477
0.222299
0.224421
0.221993
0.223154
0.222235
0.223778
0.221983
0.221017
0.222012
0.221623
0.219426
0.222058
0.222622
0.222853
0.225261
0.218998
0.221973
0.221983
0.222805
0.224366
0.222002
0.219124
0.222638
0.222747
0.221964
0.219884
0.221993
0.221973
0.221007
0.220329
0.221
0.221
0.221875
0.221993
0.221973
0.221964
0.218176
0.221983
0.220485
0.221964
0.221993
0.217236
0.221954
0.221993
0.220043
0.221038
0.218176
0.222156
0.221057
0.221964
0.221034
0.224332
0.229793
0.223239
0.221015
0.22007
0.221009
0.221973
0.221973
0.221953
0.229436
0.221993
0.219132
0.22476
0.222299
0.221983
0.222005
0.222076
0.219456
0.222158
0.22214
0.223191
0.218203
0.221973
0.223325
0.219128
0.221943
0.221973
0.221705
0.222438
0.221778
0.224022
0.21614
0.221983
0.221973
0.221983
0.222482
0.221973
0.221993
0.220407
0.22207
0.221855
0.221973
0.223059
0.221018
0.221973
0.224927
0.220043
0.218274
0.220082
0.221504
0.221983
0.222312
0.221983
0.221247
0.221983
0.223239
0.221964
0.221973
0.220998
0.221026
0.221973
0.221983
0.223149
0.223193
0.224917
0.224004
0.221983
0.22102
0.22527
0.222793
0.223273
0.22103
0.223449
0.221456
0.221964
0.222597
0.221973
0.220054
0.22103
0.223268
0.221983
0.221983
0.222525
0.222268
0.221953
0.217252
0.220937
0.221545
0.223249
0.221973
0.223738
0.220111
0.221983
0.221973
0.221983
0.218998
0.221983
0.221973
0.221017
0.221143
0.221368
0.221973
0.221993
0.224258
0.225047
0.221705
0.221973
0.221009
0.222859
0.222012
0.21901
0.221868
0.221962
0.220882
0.221983
0.221132
0.221993
0.220784
0.218187
0.222301
0.223266
0.221894
0.223299
0.223238
0.221018
0.223978
0.222291
0.22055
0.221993
0.218274
0.222657
0.222301
0.225257
0.225058
0.220072
0.22102
0.221983
0.224999
0.221983
0.221993
0.221924
0.223249
0.221009
0.220407
0.219113
0.223984
0.221983
0.225977
0.222173
0.218166
0.223014
0.221983
0.223695
0.223239
0.221399
0.222002
0.221025
0.221342
0.222002
0.221964
0.221993
0.223246
0.223707
0.222766
0.221618
0.220428
0.221983
0.221973
0.221973
0.225306
0.221095
0.220076
0.221021
0.228888
0.223769
0.223256
0.221562
0.223248
0.221036
0.219181
0.224135
0.224079
0.219193
0.222766
0.220441
0.222492
0.222552
0.221983
0.221581
0.221993
0.222011
0.222492
0.224185
0.221983
0.221018
0.221973
0.221983
0.222051
0.225552
0.220667
0.219132
0.224467
0.221993
0.221993
0.218166
0.221983
0.221983
0.221903
0.221983
0.221022
0.221983
0.220592
0.221031
0.223867
0.222784
0.223256
0.221983
0.221973
0.221993
0.22153
0.221933
0.221983
0.221018
0.221905
0.218285
0.221983
0.223158
0.222375
0.224322
0.22102
0.221983
0.221983
0.221018
0.221983
0.221007
0.221983
0.221973
0.221964
0.223518
0.220511
0.221858
0.21863
0.221327
0.219603
0.221983
0.223265
0.221993
0.220063
0.220997
0.224347
0.224343
0.223744
0.221983
0.221964
0.221017
0.221973
0.223248
0.2205
0.220069
